0 0.45213293650793646 0.7652529761904762 0.6334325396825397 0.19816468253968253
0 0.9340277777777777 0.6393849206349206 0.13194444444444445 0.04563492063492063
0 0.275297619047619 0.634548611111111 0.3978174603174603 0.03149801587301587
0 0.8087797619047619 0.5641121031746031 0.1284722222222222 0.018601190476190476
0 0.784970238095238 0.542782738095238 0.4300595238095238 0.016121031746031744
0 0.5099206349206349 0.5685763888888888 0.185515873015873 0.015625
0 0.4506448412698412 0.5119047619047619 0.019345238095238096 0.003472222222222222
0 0.6364087301587301 0.5618799603174602 0.06051587301587301 0.009672619047619048
0 0.7056051587301587 0.5090525793650793 0.050099206349206345 0.002728174603174603
0 0.46875 0.5287698412698413 0.16964285714285712 0.00496031746031746
0 0.6550099206349206 0.5145089285714285 0.12351190476190475 0.006200396825396825
0 0.8234126984126984 0.507688492063492 0.09523809523809523 0.005456349206349206
0 0.39905753968253965 0.5093005952380952 0.059027777777777776 0.004216269841269841
