0 0.06696428571428571 0.7260664682539683 0.13293650793650794 0.11235119047619047
0 0.7219742063492063 0.8918650793650793 0.5342261904761905 0.21626984126984125
0 0.4518849206349206 0.6225198412698413 0.24404761904761904 0.04265873015873016
0 0.9754464285714285 0.6552579365079365 0.049107142857142856 0.034722222222222224
0 0.7802579365079365 0.6217757936507936 0.1865079365079365 0.03869047619047619
0 0.833829365079365 0.5405505952380952 0.20337301587301587 0.02058531746031746
0 0.3774801587301587 0.5270337301587301 0.6507936507936507 0.026289682539682536
0 0.1671626984126984 0.49516369047619047 0.05853174603174603 0.003720238095238095
0 0.13715277777777776 0.49987599206349204 0.07886904761904762 0.003224206349206349
0 0.53125 0.5081845238095238 0.1359126984126984 0.005456349206349206
0 0.6068948412698413 0.4952876984126984 0.06200396825396825 0.003968253968253968
0 0.8033234126984127 0.5070684523809523 0.12648809523809523 0.007192460317460317
0 0.7958829365079365 0.5219494047619048 0.10763888888888888 0.006696428571428571
0 0.28695436507936506 0.494171626984127 0.08878968253968253 0.005208333333333333
0 0.26240079365079366 0.5496031746031745 0.1369047619047619 0.016865079365079364
0 0.02802579365079365 0.5571676587301587 0.05505952380952381 0.01413690476190476
0 0.08258928571428571 0.4921875 0.08779761904761904 0.004712301587301587
