0 0.37896825396825395 0.7588045634920635 0.6726190476190476 0.20461309523809523
0 0.7306547619047619 0.5956101190476191 0.2232142857142857 0.044394841269841265
0 0.08854166666666666 0.6099950396825397 0.17609126984126983 0.03695436507936508
0 0.5091765873015873 0.5060763888888888 0.6979166666666666 0.018601190476190476
0 0.42410714285714285 0.5261656746031745 0.125 0.015625
0 0.038938492063492064 0.49454365079365076 0.07390873015873016 0.006448412698412698
0 0.6135912698412698 0.48660714285714285 0.14484126984126983 0.00744047619047619
0 0.14632936507936506 0.5385664682539683 0.21626984126984125 0.013640873015873016
0 0.8809523809523809 0.4847470238095238 0.12003968253968253 0.008184523809523808
0 0.8953373015873015 0.4987599206349206 0.08630952380952381 0.006448412698412698
0 0.18799603174603174 0.47916666666666663 0.08531746031746032 0.005952380952380952
0 0.12425595238095237 0.4724702380952381 0.06696428571428571 0.00496031746031746
0 0.20560515873015872 0.47383432539682535 0.059027777777777776 0.002728174603174603
0 0.3298611111111111 0.47309027777777773 0.07539682539682539 0.004712301587301587
