0 0.5587797619047619 0.6383928571428571 0.5421626984126984 0.1671626984126984
0 0.08407738095238095 0.3723958333333333 0.1661706349206349 0.006200396825396825
0 0.3913690476190476 0.4304315476190476 0.17658730158730157 0.028521825396825396
0 0.05629960317460317 0.43898809523809523 0.10763888888888888 0.023313492063492064
0 0.2041170634920635 0.43477182539682535 0.14831349206349206 0.027777777777777776
0 0.5843253968253967 0.39818948412698413 0.8313492063492063 0.026041666666666664
0 0.08258928571428571 0.35131448412698413 0.027281746031746032 0.004712301587301587
0 0.38938492063492064 0.3506944444444444 0.061507936507936505 0.002976190476190476
0 0.19270833333333331 0.3629712301587301 0.06398809523809523 0.005704365079365079
0 0.8087797619047619 0.3681795634920635 0.17311507936507936 0.008680555555555556
0 0.8876488095238094 0.3505704365079365 0.07490079365079365 0.003720238095238095
0 0.5215773809523809 0.3492063492063492 0.09573412698412698 0.005456349206349206
0 0.3231646825396825 0.3560267857142857 0.15922619047619047 0.007192460317460317
0 0.03869047619047619 0.34672619047619047 0.05853174603174603 0.004464285714285714
