0 0.07762896825396826 0.47953869047619047 0.14632936507936506 0.011656746031746032
0 0.19816468253968253 0.4419642857142857 0.16517857142857142 0.009424603174603174
0 0.48164682539682535 0.43291170634920634 0.18055555555555555 0.01066468253968254
0 0.45882936507936506 0.45337301587301587 0.08531746031746032 0.009424603174603174
0 0.5944940476190476 0.46155753968253965 0.15128968253968253 0.00992063492063492
0 0.558531746031746 0.4831349206349206 0.5873015873015872 0.021825396825396824
0 0.5163690476190476 0.5877976190476191 0.19146825396825395 0.06051587301587301
0 0.7063492063492063 0.6974206349206349 0.5873015873015872 0.12797619047619047
0 0.9652777777777777 0.44419642857142855 0.051587301587301584 0.008432539682539682
0 0.853422619047619 0.43030753968253965 0.2614087301587301 0.008928571428571428
0 0.6297123015873015 0.4480406746031746 0.15625 0.017609126984126984
