0 0.43030753968253965 0.7375992063492063 0.32093253968253965 0.08531746031746032
0 0.5833333333333333 0.5825892857142857 0.5416666666666666 0.06597222222222222
0 0.49727182539682535 0.5158730158730158 0.1185515873015873 0.010416666666666666
0 0.6716269841269841 0.5319940476190476 0.18055555555555555 0.013392857142857142
0 0.6812996031746031 0.49987599206349204 0.216765873015873 0.01810515873015873
0 0.46850198412698413 0.49826388888888884 0.1185515873015873 0.005456349206349206
0 0.6808035714285714 0.4841269841269841 0.11259920634920634 0.006448412698412698
0 0.6086309523809523 0.4796626984126984 0.07638888888888888 0.003472222222222222
0 0.8645833333333333 0.4769345238095238 0.20039682539682538 0.006944444444444444
0 0.055803571428571425 0.5461309523809523 0.08283730158730158 0.018849206349206348
0 0.04092261904761905 0.5231894841269841 0.07589285714285714 0.010168650793650792
0 0.5049603174603174 0.47805059523809523 0.08134920634920634 0.007688492063492063
0 0.14087301587301587 0.48945932539682535 0.15079365079365079 0.010168650793650792
