0 0.4350198412698412 0.7354910714285714 0.3621031746031746 0.10193452380952381
0 0.6016865079365079 0.5694444444444444 0.7966269841269841 0.06051587301587301
0 0.8087797619047619 0.5128968253968254 0.2048611111111111 0.011904761904761904
0 0.7311507936507936 0.4919394841269841 0.08928571428571427 0.004216269841269841
0 0.30084325396825395 0.4930555555555555 0.11557539682539682 0.00496031746031746
0 0.011656746031746032 0.5359623015873015 0.02232142857142857 0.008928571428571428
0 0.015376984126984126 0.5202132936507936 0.02976190476190476 0.004216269841269841
0 0.09895833333333333 0.505828373015873 0.17609126984126983 0.0091765873015873
0 0.1416170634920635 0.4966517857142857 0.0798611111111111 0.004216269841269841
0 0.10119047619047619 0.4939236111111111 0.04464285714285714 0.002728174603174603
0 0.029265873015873016 0.4931795634920635 0.057539682539682536 0.003224206349206349
