0 0.4644607843137255 0.6519607843137255 0.023284313725490197 0.00980392156862745
0 0.46706495098039214 0.6384803921568628 0.04871323529411765 0.008169934640522876
0 0.42018995098039214 0.636233660130719 0.04381127450980392 0.007761437908496732
0 0.37362132352941174 0.6468545751633987 0.01807598039215686 0.012663398692810458
0 0.4206495098039216 0.6456290849673203 0.020833333333333332 0.009395424836601307
0 0.3829656862745098 0.6260212418300654 0.03431372549019608 0.007761437908496732
0 0.4166666666666667 0.6247957516339869 0.028186274509803922 0.009395424836601307
0 0.4574142156862745 0.5825163398692811 0.03370098039215686 0.006535947712418301
0 0.4586397058823529 0.5739379084967321 0.010416666666666666 0.004084967320261438
0 0.5142463235294118 0.5600490196078431 0.013786764705882353 0.0024509803921568627
0 0.5335477941176471 0.5588235294117647 0.013786764705882353 0.0024509803921568627
0 0.5162377450980392 0.5702614379084967 0.014705882352941176 0.004084967320261438
0 0.5373774509803921 0.5674019607843137 0.020833333333333332 0.004901960784313725
0 0.5517769607843137 0.5463643790849674 0.005514705882352941 0.002859477124183007
0 0.6067708333333334 0.6433823529411765 0.01685049019607843 0.02042483660130719
0 0.6233149509803921 0.6738153594771242 0.013786764705882353 0.010212418300653595
