0 0.45006127450980393 0.9048202614379085 0.020833333333333332 0.010620915032679739
0 0.40425857843137253 0.917483660130719 0.01807598039215686 0.012254901960784314
0 0.5428921568627451 0.7826797385620915 0.022058823529411763 0.007352941176470588
0 0.671875 0.860702614379085 0.014705882352941176 0.008169934640522876
0 0.5660232843137255 0.6919934640522876 0.01133578431372549 0.0032679738562091504
0 0.5517769607843137 0.6879084967320261 0.006127450980392157 0.0024509803921568627
0 0.6243872549019608 0.7169117647058824 0.009191176470588236 0.0032679738562091504
0 0.5473345588235294 0.6913807189542484 0.004595588235294118 0.002042483660130719
0 0.5379901960784313 0.6907679738562091 0.003676470588235294 0.0016339869281045752
0 0.5338541666666666 0.6917892156862745 0.003982843137254902 0.002042483660130719
0 0.5274203431372549 0.6803513071895425 0.006433823529411764 0.002042483660130719
0 0.5350796568627451 0.6764705882352942 0.003982843137254902 0.0024509803921568627
0 0.5433517156862745 0.6752450980392157 0.004595588235294118 0.0024509803921568627
