0 0.4638480392156863 0.6082516339869282 0.017769607843137254 0.006535947712418301
0 0.4332107843137255 0.5925245098039216 0.026348039215686275 0.009395424836601307
0 0.46859681372549017 0.5962009803921569 0.04258578431372549 0.010212418300653595
0 0.38434436274509803 0.5992647058823529 0.01807598039215686 0.00980392156862745
0 0.40150122549019607 0.5831290849673203 0.05912990196078431 0.009395424836601307
0 0.42003676470588236 0.5694444444444444 0.0196078431372549 0.006535947712418301
0 0.4612438725490196 0.5471813725490197 0.018688725490196078 0.0053104575163398695
0 0.4572610294117647 0.5394199346405228 0.007659313725490196 0.004493464052287582
0 0.5091911764705882 0.5290032679738562 0.010416666666666666 0.0032679738562091504
0 0.5332414215686274 0.5363562091503268 0.012561274509803922 0.0032679738562091504
0 0.5108762254901961 0.5383986928104575 0.012561274509803922 0.0032679738562091504
