0 0.45465686274509803 0.7162990196078431 0.044730392156862746 0.028186274509803922
0 0.6980698529411765 0.7095588235294118 0.0389093137254902 0.03104575163398693
0 0.3034620098039216 0.6997549019607844 0.02971813725490196 0.018790849673202614
0 0.3129595588235294 0.6825980392156863 0.02849264705882353 0.010620915032679739
0 0.3938419117647059 0.6895424836601307 0.04871323529411765 0.02696078431372549
0 0.4330575980392157 0.6842320261437909 0.0272671568627451 0.011437908496732027
0 0.47855392156862747 0.6738153594771242 0.05330882352941176 0.014297385620915034
0 0.5026041666666666 0.6605392156862745 0.021139705882352942 0.007352941176470588
0 0.41881127450980393 0.6570669934640523 0.061274509803921566 0.012663398692810458
0 0.10692401960784313 0.7481617647058824 0.027573529411764705 0.013480392156862746
0 0.12025122549019608 0.7348856209150327 0.019301470588235295 0.010620915032679739
0 0.38066789215686275 0.6427696078431373 0.030943627450980393 0.011029411764705883
0 0.34941789215686275 0.6366421568627452 0.049938725490196074 0.010212418300653595
0 0.4053308823529412 0.6317401960784313 0.018995098039215685 0.00857843137254902
0 0.4721200980392157 0.5541258169934641 0.027573529411764705 0.009395424836601307
0 0.46400122549019607 0.542279411764706 0.021139705882352942 0.006944444444444445
0 0.5652573529411765 0.5326797385620915 0.028186274509803922 0.006535947712418301
0 0.540594362745098 0.5383986928104575 0.01991421568627451 0.0032679738562091504
0 0.5387561274509803 0.5212418300653595 0.017463235294117647 0.0024509803921568627
0 0.5608149509803921 0.5202205882352942 0.017463235294117647 0.002859477124183007
0 0.5580575980392157 0.5153186274509804 0.013786764705882353 0.002042483660130719
0 0.5813419117647058 0.5024509803921569 0.005821078431372549 0.0024509803921568627
