0 0.5211397058823529 0.9111519607843137 0.13909313725490197 0.060866013071895424
0 0.21277573529411764 0.8031045751633987 0.13756127450980393 0.05800653594771242
0 0.19914215686274508 0.7457107843137255 0.10110294117647059 0.030637254901960786
0 0.3606004901960784 0.7156862745098039 0.03125 0.01388888888888889
0 0.32276348039215685 0.7912581699346406 0.05606617647058824 0.02777777777777778
0 0.42018995098039214 0.7140522875816994 0.015012254901960785 0.015522875816993464
0 0.44515931372549017 0.7017973856209151 0.01838235294117647 0.015522875816993464
0 0.5185355392156863 0.747140522875817 0.06464460784313725 0.04166666666666667
0 0.5075061274509803 0.7062908496732027 0.046262254901960786 0.026143790849673203
0 0.42830882352941174 0.6654411764705882 0.03125 0.015522875816993464
0 0.4950980392156863 0.6546160130718954 0.07352941176470588 0.020016339869281047
0 0.6447610294117647 0.8731617647058824 0.08241421568627451 0.1270424836601307
0 0.5318627450980392 0.8457924836601307 0.06372549019607843 0.03145424836601307
0 0.6727941176470588 0.6742238562091504 0.04350490196078431 0.020016339869281047
