0 0.21481481481481482 0.8440104166666667 0.4277777777777778 0.1171875
0 0.6763888888888889 0.6247395833333333 0.3287037037037037 0.0328125
0 0.26944444444444443 0.4953125 0.1537037037037037 0.04479166666666667
0 0.6310185185185185 0.72578125 0.33796296296296297 0.09010416666666667
0 0.6847222222222222 0.80078125 0.275 0.049479166666666664
0 0.9041666666666667 0.7424479166666667 0.19166666666666668 0.034895833333333334
0 0.4342592592592593 0.5989583333333334 0.2 0.058333333333333334
0 0.14166666666666666 0.4283854166666667 0.10740740740740741 0.025520833333333333
0 0.06851851851851852 0.3880208333333333 0.06666666666666667 0.017708333333333333
0 0.09953703703703703 0.40572916666666664 0.04722222222222222 0.008333333333333333
