0 0.47361111111111115 0.5330729166666667 0.1953703703703704 0.11197916666666667
0 0.5157407407407407 0.6309895833333333 0.17962962962962964 0.049479166666666664
0 0.5611111111111111 0.40729166666666666 0.04259259259259259 0.007291666666666667
0 0.4939814814814815 0.3880208333333333 0.06018518518518519 0.015625
0 0.5601851851851852 0.39166666666666666 0.04814814814814815 0.008333333333333333
0 0.5620370370370371 0.33567708333333335 0.05740740740740741 0.0109375
0 0.6597222222222222 0.37734375 0.1287037037037037 0.025520833333333333
0 0.5652777777777778 0.36744791666666665 0.09351851851851853 0.015104166666666667
0 0.6185185185185186 0.4028645833333333 0.061111111111111116 0.0171875
0 0.33194444444444443 0.378125 0.05092592592592593 0.007291666666666667
