0 0.6800925925925926 0.703125 0.13055555555555556 0.03854166666666667
0 0.5171296296296296 0.6 0.1287037037037037 0.03229166666666666
0 0.6652777777777779 0.6072916666666667 0.125 0.026041666666666668
0 0.862962962962963 0.5588541666666667 0.2740740740740741 0.05
0 0.6657407407407407 0.51640625 0.1685185185185185 0.03177083333333333
0 0.8472222222222222 0.6854166666666667 0.18888888888888888 0.10208333333333333
0 0.7685185185185186 0.5859375 0.08333333333333334 0.01875
0 0.6569444444444444 0.4432291666666667 0.06759259259259259 0.017708333333333333
0 0.6916666666666667 0.49609375 0.03888888888888889 0.0109375
0 0.7421296296296297 0.5 0.05092592592592593 0.013541666666666667
0 0.0699074074074074 0.64296875 0.10092592592592593 0.0359375
0 0.24212962962962964 0.5442708333333334 0.09351851851851853 0.021875
