0 0.05648148148148149 0.4041666666666667 0.11111111111111112 0.016666666666666666
0 0.06342592592592593 0.5239583333333333 0.125 0.065625
0 0.8833333333333334 0.5041666666666667 0.22037037037037038 0.06354166666666666
0 0.8041666666666667 0.6794270833333333 0.25277777777777777 0.0421875
0 0.22083333333333335 0.24921875 0.11574074074074074 0.0296875
0 0.3712962962962963 0.2830729166666667 0.11481481481481481 0.03177083333333333
0 0.8023148148148148 0.39921875 0.0787037037037037 0.013020833333333334
0 0.8523148148148149 0.4197916666666667 0.08611111111111111 0.014583333333333334
0 0.6851851851851852 0.22838541666666667 0.04814814814814815 0.013020833333333334
0 0.6856481481481482 0.5072916666666667 0.17685185185185187 0.057291666666666664
0 0.6226851851851852 0.3854166666666667 0.12685185185185185 0.035416666666666666
0 0.6101851851851852 0.4458333333333333 0.13518518518518519 0.042708333333333334
