0 0.4277777777777778 0.64296875 0.24444444444444446 0.0828125
0 0.41574074074074074 0.7440104166666667 0.26851851851851855 0.0671875
0 0.4240740740740741 0.9328124999999999 0.27592592592592596 0.134375
0 0.5791666666666667 0.43723958333333335 0.05462962962962963 0.0078125
0 0.500925925925926 0.4106770833333333 0.07037037037037037 0.019270833333333334
0 0.5745370370370371 0.41692708333333334 0.05462962962962963 0.0109375
0 0.5902777777777778 0.34869791666666666 0.058333333333333334 0.015104166666666667
0 0.6902777777777778 0.4002604166666667 0.15833333333333333 0.024479166666666666
0 0.5750000000000001 0.3841145833333333 0.08703703703703704 0.022395833333333334
0 0.6412037037037037 0.4296875 0.07685185185185185 0.020833333333333332
0 0.325 0.3958333333333333 0.05555555555555556 0.009375
