0 0.3851851851851852 0.8140625 0.2833333333333333 0.0875
0 0.27685185185185185 0.9364583333333333 0.4481481481481482 0.12708333333333333
0 0.5717592592592593 0.4830729166666667 0.0712962962962963 0.01614583333333333
0 0.48564814814814816 0.4466145833333333 0.08055555555555556 0.0234375
0 0.5773148148148148 0.4536458333333333 0.08055555555555556 0.016666666666666666
0 0.6546296296296297 0.4744791666666667 0.09814814814814815 0.036458333333333336
0 0.587962962962963 0.36875 0.06296296296296297 0.0125
0 0.5773148148148148 0.4125 0.11388888888888889 0.02395833333333333
0 0.6370370370370371 0.40520833333333334 0.04814814814814815 0.010416666666666666
0 0.712962962962963 0.43203125 0.17962962962962964 0.030729166666666665
0 0.28750000000000003 0.42734374999999997 0.07685185185185185 0.0140625
0 0.1537037037037037 0.4536458333333333 0.09074074074074075 0.022916666666666665
0 0.23611111111111113 0.46041666666666664 0.06296296296296297 0.030208333333333334
0 0.16805555555555557 0.4869791666666667 0.075 0.01875
0 0.05 0.47604166666666664 0.08888888888888889 0.020833333333333332
