0 0.35185185185185186 0.5083333333333333 0.2888888888888889 0.030208333333333334
0 0.5203703703703704 0.5583333333333333 0.20740740740740743 0.04791666666666666
0 0.13148148148148148 0.5653645833333333 0.2611111111111111 0.0609375
0 0.28425925925925927 0.6369791666666667 0.26666666666666666 0.078125
0 0.8736111111111111 0.5716145833333334 0.25277777777777777 0.09739583333333333
0 0.4763888888888889 0.48046875 0.17500000000000002 0.0203125
0 0.6263888888888889 0.45390625 0.1638888888888889 0.018229166666666668
0 0.6824074074074075 0.42994791666666665 0.1537037037037037 0.021354166666666667
0 0.763888888888889 0.4125 0.08888888888888889 0.01875
0 0.8041666666666667 0.6807291666666666 0.39166666666666666 0.11354166666666667
