0 0.4953703703703704 0.609375 0.6129629629629629 0.16354166666666667
0 0.3689814814814815 0.42343749999999997 0.1712962962962963 0.021875
0 0.5185185185185185 0.40781249999999997 0.08703703703703704 0.015625
0 0.7231481481481482 0.3736979166666667 0.07037037037037037 0.008854166666666666
0 0.42129629629629634 0.40338541666666666 0.08703703703703704 0.0140625
0 0.5402777777777777 0.384375 0.08796296296296297 0.010416666666666666
0 0.6532407407407408 0.46328125 0.08981481481481482 0.018229166666666668
0 0.6509259259259259 0.4348958333333333 0.0962962962962963 0.0125
0 0.6425925925925926 0.4979166666666667 0.11851851851851852 0.01875
0 0.7981481481481482 0.49557291666666664 0.15925925925925927 0.022395833333333334
0 0.9342592592592593 0.46979166666666666 0.13148148148148148 0.015625
0 0.925 0.4036458333333333 0.15 0.029166666666666667
0 0.7981481481481482 0.42083333333333334 0.17222222222222222 0.028125
