0 0.3277777777777778 0.8067708333333333 0.29074074074074074 0.084375
0 0.4337962962962963 0.6807291666666666 0.20462962962962963 0.04895833333333333
0 0.5712962962962963 0.5932291666666667 0.20740740740740743 0.03333333333333333
0 0.3824074074074074 0.5859375 0.10370370370370371 0.025
0 0.5074074074074074 0.42682291666666666 0.1925925925925926 0.015104166666666667
0 0.8787037037037038 0.48385416666666664 0.11296296296296297 0.022916666666666665
0 0.3888888888888889 0.39453125 0.08148148148148149 0.0067708333333333336
0 0.4930555555555556 0.39739583333333334 0.09537037037037037 0.007291666666666667
0 0.8574074074074074 0.51875 0.27037037037037037 0.03229166666666666
0 0.38981481481481484 0.4890625 0.03518518518518519 0.00625
