0 0.7134259259259259 0.5638020833333334 0.1212962962962963 0.015104166666666667
0 0.6888888888888889 0.53984375 0.07037037037037037 0.008854166666666666
0 0.8287037037037037 0.525 0.10555555555555556 0.015625
0 0.9287037037037037 0.5721354166666667 0.07962962962962963 0.0203125
0 0.8555555555555556 0.5447916666666667 0.13703703703703704 0.019791666666666666
0 0.6180555555555556 0.5171875 0.1398148148148148 0.025
0 0.45972222222222225 0.5111979166666667 0.13425925925925927 0.018229166666666668
0 0.47175925925925927 0.4627604166666667 0.09166666666666667 0.0078125
0 0.4967592592592593 0.48671875 0.14166666666666666 0.0171875
0 0.2199074074074074 0.5205729166666666 0.08796296296296297 0.0109375
0 0.6648148148148149 0.6760416666666667 0.11481481481481481 0.03125
0 0.7717592592592593 0.6963541666666666 0.08055555555555556 0.046875
0 0.9152777777777779 0.6408854166666667 0.16944444444444445 0.05572916666666666
0 0.11481481481481481 0.5330729166666667 0.07592592592592592 0.011979166666666666
0 0.10416666666666667 0.5481770833333334 0.14166666666666666 0.011979166666666666
