0 0.8148148148148149 0.665625 0.3703703703703704 0.0875
0 0.6375000000000001 0.5885416666666666 0.4675925925925926 0.051041666666666666
0 0.3990740740740741 0.55625 0.10185185185185186 0.020833333333333332
0 0.6592592592592593 0.5049479166666666 0.12222222222222223 0.009895833333333333
0 0.6736111111111112 0.49557291666666664 0.11018518518518519 0.005729166666666666
0 0.5296296296296297 0.5182291666666666 0.08518518518518518 0.008333333333333333
0 0.17314814814814816 0.59765625 0.13333333333333333 0.022395833333333334
0 0.7481481481481482 0.7546875 0.5037037037037038 0.12083333333333333
0 0.9092592592592593 0.52578125 0.05740740740740741 0.0078125
0 0.7861111111111111 0.5140625 0.0925925925925926 0.007291666666666667
0 0.8944444444444445 0.5583333333333333 0.10925925925925926 0.009375
0 0.787962962962963 0.5260416666666666 0.11296296296296297 0.009375
