0 0.4908234126984127 0.683655753968254 0.33482142857142855 0.09151785714285714
0 0.6044146825396826 0.4382440476190476 0.05109126984126984 0.022817460317460316
0 0.49553571428571425 0.3855406746031746 0.05357142857142857 0.009672619047619048
0 0.4362599206349206 0.38008432539682535 0.04811507936507936 0.007192460317460317
0 0.49900793650793646 0.3753720238095238 0.05357142857142857 0.007688492063492063
0 0.5012400793650793 0.35379464285714285 0.059027777777777776 0.010168650793650792
0 0.4722222222222222 0.32093253968253965 0.03571428571428571 0.005952380952380952
0 0.37152777777777773 0.3074156746031746 0.08829365079365079 0.008184523809523808
0 0.3836805555555555 0.316344246031746 0.016369047619047616 0.008184523809523808
0 0.39905753968253965 0.2972470238095238 0.10962301587301587 0.006200396825396825
