0 0.5620039682539683 0.7065972222222222 0.33035714285714285 0.07837301587301587
0 0.6341765873015872 0.5381944444444444 0.08680555555555555 0.010416666666666666
0 0.49181547619047616 0.5264136904761905 0.08978174603174603 0.0091765873015873
0 0.9422123015873015 0.5600198412698413 0.11557539682539682 0.01240079365079365
0 0.9689980158730158 0.5744047619047619 0.06200396825396825 0.008928571428571428
0 0.9818948412698412 0.6320684523809523 0.03621031746031746 0.02306547619047619
0 0.8878968253968254 0.5435267857142857 0.12202380952380952 0.007688492063492063
0 0.829861111111111 0.531125992063492 0.09821428571428571 0.010168650793650792
0 0.6909722222222222 0.4973958333333333 0.13095238095238093 0.013640873015873016
0 0.4575892857142857 0.5024801587301587 0.14434523809523808 0.017361111111111112
0 0.09151785714285714 0.5223214285714285 0.10069444444444443 0.017361111111111112
0 0.1929563492063492 0.4952876984126984 0.06448412698412698 0.00744047619047619
0 0.659970238095238 0.5612599206349206 0.07787698412698413 0.013392857142857142
