0 0.517361111111111 0.6937003968253967 0.3621031746031746 0.057539682539682536
0 0.8236607142857142 0.6631944444444444 0.14930555555555555 0.029265873015873016
0 0.6066468253968254 0.5471230158730158 0.15873015873015872 0.008432539682539682
0 0.3940972222222222 0.5577876984126984 0.10763888888888888 0.00992063492063492
0 0.4446924603174603 0.5496031746031745 0.08878968253968253 0.005952380952380952
0 0.12698412698412698 0.5602678571428571 0.10416666666666666 0.00496031746031746
0 0.04563492063492063 0.5483630952380952 0.08829365079365079 0.00992063492063492
0 0.17609126984126983 0.5762648809523809 0.35119047619047616 0.014632936507936508
0 0.7502480158730158 0.9326636904761905 0.4995039682539682 0.13467261904761904
0 0.6753472222222222 0.568328373015873 0.17212301587301587 0.014632936507936508
