0 0.4975198412698412 0.6881200396825397 0.7867063492063492 0.21899801587301587
0 0.5208333333333333 0.5314980158730158 0.23115079365079363 0.039186507936507936
0 0.8134920634920635 0.5207093253968254 0.14384920634920634 0.022569444444444444
0 0.7125496031746031 0.4430803571428571 0.09672619047619047 0.007192460317460317
0 0.7839781746031745 0.4358878968253968 0.08382936507936507 0.008680555555555556
0 0.9335317460317459 0.43266369047619047 0.13293650793650794 0.010168650793650792
0 0.9352678571428571 0.4568452380952381 0.09573412698412698 0.010416666666666666
0 0.06225198412698412 0.4775545634920635 0.12251984126984126 0.012152777777777776
0 0.19642857142857142 0.4339037698412698 0.1736111111111111 0.007192460317460317
0 0.3167162698412698 0.45548115079365076 0.6314484126984127 0.017609126984126984
0 0.48660714285714285 0.4412202380952381 0.08134920634920634 0.00496031746031746
0 0.4565972222222222 0.4298115079365079 0.1314484126984127 0.007936507936507936
