0 0.4756944444444444 0.6551339285714285 0.5307539682539683 0.1083829365079365
0 0.30877976190476186 0.5343501984126984 0.1294642857142857 0.02058531746031746
0 0.8018353174603174 0.5613839285714285 0.39632936507936506 0.05034722222222222
0 0.18030753968253968 0.48499503968253965 0.1046626984126984 0.013640873015873016
0 0.8640873015873015 0.48251488095238093 0.08829365079365079 0.011656746031746032
0 0.6793154761904762 0.4718501984126984 0.07390873015873016 0.007192460317460317
0 0.4603174603174603 0.45820932539682535 0.1240079365079365 0.01066468253968254
0 0.705109126984127 0.46068948412698413 0.1056547619047619 0.008680555555555556
0 0.27232142857142855 0.470734126984127 0.4325396825396825 0.017857142857142856
0 0.6597222222222222 0.48598710317460314 0.1875 0.017609126984126984
