0 0.496031746031746 0.5972222222222222 0.3234126984126984 0.06894841269841269
0 0.689484126984127 0.5354662698412698 0.18055555555555555 0.027777777777777776
0 0.18253968253968253 0.5499751984126984 0.2093253968253968 0.026041666666666664
0 0.5612599206349206 0.4697420634920635 0.11160714285714285 0.006448412698412698
0 0.8072916666666666 0.4759424603174603 0.07390873015873016 0.003968253968253968
0 0.7911706349206349 0.46527777777777773 0.08333333333333333 0.003472222222222222
0 0.978422619047619 0.48053075396825395 0.043154761904761904 0.007688492063492063
0 0.910218253968254 0.5353422619047619 0.10218253968253968 0.010168650793650792
0 0.169890873015873 0.5100446428571428 0.11458333333333333 0.015625
0 0.17485119047619047 0.46688988095238093 0.04613095238095238 0.003224206349206349
0 0.17385912698412698 0.4634176587301587 0.043154761904761904 0.002232142857142857
0 0.2884424603174603 0.4609375 0.05406746031746031 0.003224206349206349
0 0.40500992063492064 0.5008680555555556 0.11755952380952381 0.011656746031746032
0 0.3978174603174603 0.48586309523809523 0.4861111111111111 0.016865079365079364
0 0.7867063492063492 0.48598710317460314 0.28968253968253965 0.017113095238095236
