0 0.28249007936507936 0.5069444444444444 0.32787698412698413 0.06200396825396825
0 0.6527777777777778 0.5081845238095238 0.2648809523809524 0.053075396825396824
0 0.10416666666666666 0.3948412698412698 0.16269841269841268 0.02232142857142857
0 0.17559523809523808 0.4403521825396825 0.3501984126984127 0.03993055555555555
0 0.480406746031746 0.3890128968253968 0.11061507936507936 0.01413690476190476
0 0.36259920634920634 0.8510664682539683 0.5892857142857143 0.27058531746031744
0 0.41989087301587297 0.6411210317460317 0.48363095238095233 0.12549603174603174
0 0.6701388888888888 0.43377976190476186 0.11706349206349206 0.015376984126984126
0 0.5367063492063492 0.4324156746031746 0.125 0.011160714285714284
0 0.5322420634920635 0.45895337301587297 0.10515873015873015 0.01909722222222222
0 0.41195436507936506 0.44940476190476186 0.09672619047619047 0.02976190476190476
