0 0.5248015873015873 0.6376488095238095 0.3224206349206349 0.1111111111111111
0 0.9265873015873015 0.6328125 0.1468253968253968 0.08407738095238095
0 0.22668650793650794 0.4681299603174603 0.20535714285714285 0.015128968253968252
0 0.5992063492063492 0.453125 0.10416666666666666 0.011904761904761904
0 0.3077876984126984 0.5229414682539683 0.4290674603174603 0.047371031746031744
0 0.6026785714285714 0.5487351190476191 0.1349206349206349 0.02405753968253968
0 0.1324404761904762 0.5856894841269841 0.07638888888888888 0.033482142857142856
0 0.728422619047619 0.5074404761904762 0.13541666666666666 0.012896825396825396
0 0.90625 0.5114087301587301 0.16765873015873015 0.023809523809523808
0 0.8901289682539683 0.47557043650793646 0.1433531746031746 0.01413690476190476
