0 0.5386904761904762 0.5114087301587301 0.308531746031746 0.018849206349206348
0 0.8869047619047619 0.515500992063492 0.22619047619047616 0.020089285714285712
0 0.3621031746031746 0.5890376984126984 0.7232142857142857 0.07242063492063491
0 0.10416666666666666 0.48586309523809523 0.14285714285714285 0.011904761904761904
0 0.04538690476190476 0.4733382936507936 0.08878968253968253 0.008680555555555556
0 0.2415674603174603 0.47681051587301587 0.10813492063492063 0.009672619047619048
0 0.5925099206349206 0.4925595238095238 0.28125 0.020337301587301584
0 0.2435515873015873 0.4663938492063492 0.28174603174603174 0.016617063492063492
0 0.6237599206349206 0.5457589285714285 0.23859126984126983 0.019593253968253968
0 0.462797619047619 0.5275297619047619 0.19444444444444442 0.014384920634920634
