0 0.7919146825396824 0.8108878968253967 0.4161706349206349 0.21155753968253968
0 0.4171626984126984 0.5970982142857143 0.24900793650793648 0.05133928571428571
0 0.7269345238095237 0.6284722222222222 0.28521825396825395 0.0625
0 0.15674603174603174 0.6670386904761905 0.1111111111111111 0.03149801587301587
0 0.21825396825396826 0.5941220238095237 0.07837301587301587 0.019593253968253968
0 0.21205357142857142 0.5651041666666666 0.09176587301587301 0.01810515873015873
0 0.3474702380952381 0.5621279761904762 0.10962301587301587 0.016121031746031744
0 0.5138888888888888 0.5556795634920635 0.07043650793650794 0.007192460317460317
0 0.704861111111111 0.5479910714285714 0.14484126984126983 0.014632936507936508
0 0.8707837301587301 0.5471230158730158 0.1046626984126984 0.015376984126984126
0 0.9635416666666666 0.5923859126984127 0.07291666666666666 0.02058531746031746
0 0.8740079365079365 0.5198412698412698 0.11011904761904762 0.00496031746031746
0 0.8782242063492063 0.5279017857142857 0.1929563492063492 0.008184523809523808
0 0.11557539682539682 0.5958581349206349 0.06448412698412698 0.010168650793650792
0 0.1202876984126984 0.5693204365079365 0.0560515873015873 0.010168650793650792
0 0.048859126984126984 0.552703373015873 0.09672619047619047 0.012648809523809524
