0 0.2648809523809524 0.6383928571428571 0.3234126984126984 0.0734126984126984
0 0.37127976190476186 0.5915178571428571 0.12450396825396824 0.021825396825396824
0 0.12524801587301587 0.5735367063492063 0.06498015873015872 0.010168650793650792
0 0.4508928571428571 0.6634424603174602 0.09523809523809523 0.02132936507936508
0 0.3206845238095238 0.578125 0.07688492063492063 0.016865079365079364
0 0.5238095238095237 0.511532738095238 0.10515873015873015 0.01909722222222222
0 0.5198412698412698 0.4609375 0.1468253968253968 0.01909722222222222
0 0.1949404761904762 0.4573412698412698 0.08432539682539682 0.011904761904761904
0 0.7333829365079365 0.4463045634920635 0.16319444444444445 0.021081349206349204
0 0.7212301587301587 0.47792658730158727 0.1388888888888889 0.020337301587301584
0 0.927579365079365 0.4501488095238095 0.14484126984126983 0.016369047619047616
0 0.9491567460317459 0.46701388888888884 0.10168650793650794 0.01240079365079365
0 0.9466765873015872 0.49020337301587297 0.10664682539682539 0.01810515873015873
0 0.7286706349206349 0.5422867063492063 0.11904761904761904 0.023561507936507936
0 0.8591269841269841 0.5732886904761905 0.1349206349206349 0.028521825396825396
