0 0.6674107142857143 0.7643849206349206 0.38442460317460314 0.10317460317460317
0 0.15476190476190477 0.6882440476190476 0.1607142857142857 0.04117063492063492
0 0.15079365079365079 0.6252480158730158 0.22123015873015872 0.03869047619047619
0 0.19593253968253968 0.5726686507936508 0.1388888888888889 0.024305555555555552
0 0.3067956349206349 0.5404265873015873 0.1929563492063492 0.020337301587301584
0 0.17584325396825395 0.4889632936507936 0.16914682539682538 0.015128968253968252
0 0.6371527777777778 0.529141865079365 0.16319444444444445 0.027529761904761904
0 0.6125992063492063 0.628968253968254 0.20138888888888887 0.049107142857142856
0 0.44072420634920634 0.5698164682539683 0.09871031746031746 0.02405753968253968
0 0.6302083333333333 0.48660714285714285 0.40426587301587297 0.0183531746031746
