0 0.20610119047619047 0.8869047619047619 0.41121031746031744 0.16666666666666666
0 0.5319940476190476 0.6820436507936507 0.1929563492063492 0.05505952380952381
0 0.6455853174603174 0.5502232142857143 0.2564484126984127 0.044890873015873016
0 0.43477182539682535 0.5267857142857143 0.06696428571428571 0.016369047619047616
0 0.4161706349206349 0.7332589285714285 0.2936507936507936 0.04241071428571428
0 0.5930059523809523 0.46602182539682535 0.14434523809523808 0.010416666666666666
0 0.8891369047619048 0.46143353174603174 0.1800595238095238 0.018601190476190476
0 0.7033730158730158 0.456969246031746 0.08035714285714285 0.005208333333333333
0 0.7410714285714285 0.45337301587301587 0.07638888888888888 0.005952380952380952
0 0.4583333333333333 0.45746527777777773 0.10119047619047619 0.005208333333333333
0 0.3536706349206349 0.6125992063492063 0.433531746031746 0.06845238095238095
