0 0.49652777777777773 0.6101190476190476 0.1468253968253968 0.03125
0 0.3970734126984127 0.5775049603174602 0.17906746031746032 0.021577380952380952
0 0.6959325396825397 0.8036954365079365 0.22123015873015872 0.05977182539682539
0 0.7433035714285714 0.6946924603174602 0.23561507936507936 0.04216269841269841
0 0.7247023809523809 0.740203373015873 0.2123015873015873 0.031994047619047616
0 0.7247023809523809 0.6402529761904762 0.07539682539682539 0.022569444444444444
0 0.4942956349206349 0.5379464285714285 0.2296626984126984 0.025297619047619048
0 0.17038690476190474 0.6006944444444444 0.08680555555555555 0.023313492063492064
0 0.2452876984126984 0.5164930555555556 0.09771825396825397 0.01413690476190476
0 0.9188988095238094 0.5598958333333333 0.13541666666666666 0.023561507936507936
0 0.8472222222222222 0.5342261904761905 0.1984126984126984 0.025793650793650792
0 0.6086309523809523 0.515500992063492 0.057539682539682536 0.013640873015873016
0 0.7755456349206349 0.6102430555555555 0.14831349206349206 0.027033730158730156
0 0.7286706349206349 0.578125 0.13095238095238093 0.019345238095238096
0 0.7894345238095237 0.45920138888888884 0.13541666666666666 0.011656746031746032
0 0.689236111111111 0.4539930555555555 0.0560515873015873 0.002728174603174603
0 0.6597222222222222 0.4567212301587301 0.0625 0.003720238095238095
0 0.578125 0.4626736111111111 0.1046626984126984 0.007688492063492063
0 0.4558531746031746 0.45634920634920634 0.07142857142857142 0.002976190476190476
